1 0.000134
2 0.128785
3 0.046236
4 10.441523
5 3.809837
6 0.460895
7 10.441628
8 0.589543
9 11.418184
10 0.463972
11 0.696322
12 0.589141
13 0.504707
14 1.100514
15 0.318521
16 3.296015
17 3.292683
18 3.293180
19 0.100293
20 0.049269
21 0.118882
22 0.119170
23 0.119503
24 60.455150
25 60.559978
26 0.000127
27 0.000090
28 0.000116
29 0.001415
30 60.453243
31 0.000002
32 0.000321
33 0.000001
34 0.465675
35 3.927019
36 3.929414
37 3.927657
38 12.261518
39 0.255899
40 0.244678
41 0.302233
42 0.000041
43 0.000533
44 0.000506
45 0.000036
46 0.000005
47 0.000036
48 29.291949
49 29.798321
50 0.003712
51 1.362227
52 1.362565
53 0.000051
54 23.834263
55 23.834417
56 1.884248
57 1.884317
58 0.002224
59 0.038044
60 0.038087
61 0.038081
62 0.116677
63 2.200344
64 2.200430
65 1.255282
66 1.255366
67 2.195003
68 2.195263
69 2.195076
70 14.171972
71 23.206027
72 0.000044
73 0.017234
74 0.314887
75 0.314971
76 8.718113
77 0.000000
78 0.000000
79 0.000000
80 8.718198
81 5.353022
82 0.542009
83 14.169812
84 0.021556
85 0.623713
86 0.741817
87 0.563921
88 0.642527
89 0.047516
90 0.126069
91 0.000000
92 0.000000
93 0.264351
94 0.727515
95 8.801184
96 4.832528
97 0.000000
98 0.000000
99 8.801309
100 0.348805
101 0.471169
102 0.227169
103 0.044997
104 0.045996
105 0.047881
106 0.046206
107 0.047173
108 0.046045
109 0.047478
110 0.552310
111 0.477919
112 0.329090
113 0.330037
114 0.329300
115 0.000134
116 0.000716
117 0.014237
118 0.000665
119 0.014231
120 0.000671
121 0.014291
122 0.001777
123 0.000596
124 0.000369
125 0.000347
126 0.000234
127 0.000235
128 0.983482
129 0.791004
130 11.233639
131 0.236412
132 12.184383
133 0.157043
134 0.000694
135 0.000669
136 0.158530
137 5.669354
138 5.987045
139 0.392810
140 0.392884
141 0.000040
142 0.000572
143 0.722135
144 0.000498
145 0.000090
146 0.000081
147 0.000756
148 8.723939
149 8.724109
150 3.221381
151 3.221551
152 0.000695
153 0.039227
154 0.075890
155 0.191360
156 0.076386
157 0.190702
158 0.076221
159 0.191024
160 0.002321
161 0.042208
162 3.214363
163 3.219174
164 0.000395
165 0.000389
166 0.000419
167 0.000384
168 0.040140
169 0.118737
170 0.106395
171 0.106376
172 0.106392
173 0.106392
174 0.106661
175 0.106499
176 0.505203
177 0.505409
178 0.000453
179 0.000504
180 0.001318
181 0.000223
182 4.968778
183 3.110064
184 0.005633
185 0.003620
186 0.003602
187 1.837988
188 0.669326
189 5.663813
190 0.000435
191 0.000442
192 0.000434
193 0.000430
194 0.000425
195 0.000439
196 0.000408
197 0.505761
198 0.284834
199 0.081160
200 0.546630
201 0.610538
202 0.299047
203 1.833681
204 0.183456
205 0.184306
206 0.012009
207 0.810817
208 0.834953
209 1.091153
210 0.000000
211 1.092122
212 0.000444
213 0.260493
214 0.000000
215 0.261397
216 0.000448
217 0.000002
218 0.000001
219 0.000000
220 0.000000
221 0.000000
222 0.000000
223 0.008653
224 0.002889
225 0.008968
226 0.009197
227 0.003970
228 0.040706
229 0.026270
230 0.008962
231 0.104310
232 0.000140
233 0.000056
234 0.000000
235 0.000000
236 0.001625
237 0.000988
238 0.000000
239 0.000196
240 0.000000
241 0.000000
242 0.000000
243 0.000000
244 0.000000
245 0.000000
246 0.000000
247 0.000000
248 0.000000
249 0.000000
250 0.000000
251 0.000000
252 0.007858
253 0.007853
254 0.007788
255 0.001960
256 0.001958
257 0.001907
258 0.009819
259 0.000000
260 0.000049
261 0.001979
262 0.000068
263 0.000018
264 0.000014
265 0.001779
266 0.002091
267 0.000023
268 0.002188
269 0.006358
270 0.000202
271 0.000199
272 0.000203
273 0.002697
274 0.000033
275 0.002691
276 0.000324
277 0.002435
278 0.008185
279 0.001601
280 0.000001
281 0.000700
282 0.000696
283 0.002303
284 0.000000
285 0.000000
286 0.000000
287 0.000000
288 0.000000
289 0.000000
290 0.000000
291 0.000000
292 0.000000
293 0.000000
294 0.000000
295 0.000000
296 0.000000
297 0.000000
298 0.000000
299 0.000000
300 0.000099
301 0.000044
302 0.000005
303 0.000155
304 0.000000
305 0.000000
306 0.000000
307 0.000000
308 0.000000
309 0.000000
310 0.000000
311 0.000000
312 0.000000
313 0.000000
314 0.000000
315 0.000000
316 0.000000
317 0.000859
318 0.001055
319 0.000000
320 0.000025
321 0.000000
322 0.000000
323 0.000000
324 0.000000
325 0.000000
326 0.000000
327 0.000000
328 0.000000
329 0.000000
330 0.000010
331 0.000109
332 0.000087
333 0.000039
334 0.000014
335 0.000009
336 0.000047
337 0.000038
338 0.000014
339 0.000003
340 0.000007
341 0.001923
342 0.000086
343 0.001845
344 0.000000
345 0.000643
346 0.000545
347 0.000034
348 0.000483
349 0.000153
350 0.000039
351 0.000162
352 0.000447
353 0.000052
354 0.000244
355 0.000067
356 0.000151
357 0.000056
358 0.000519
359 0.000496
360 0.000012
361 0.000012
362 0.000424
363 0.000345
364 0.000016
365 0.000013
366 0.000323
367 0.000272
368 0.000296
369 0.000021
370 0.000124
371 0.000103
372 0.000022
373 0.000010
374 0.000132
375 0.000112
376 0.000009
377 0.000037
378 0.000020
379 0.000014
380 0.000007
381 0.000000
382 0.000041
383 0.000829
384 0.000000
385 0.000303
386 0.000253
387 0.000019
388 0.000237
389 0.000059
390 0.000015
391 0.000068
392 0.000190
393 0.000055
394 0.000103
395 0.000061
396 0.000024
397 0.000238
398 0.000231
399 0.000002
400 0.000005
401 0.000198
402 0.000166
403 0.000005
404 0.000157
405 0.000135
406 0.000145
407 0.000043
408 0.000037
409 0.000004
410 0.000002
411 0.000057
412 0.000047
413 0.000006
414 0.000015
415 0.000006
416 0.000000
417 0.000000
418 0.000056
419 0.000023
420 0.000017
421 0.000003
422 0.000027
423 0.000010
424 0.000004
425 0.000001
426 0.000001
427 0.000007
428 0.000008
429 0.000000
430 0.000002
431 0.000000
432 0.000124
433 0.000103
434 0.000225
435 0.000000
436 0.000000
437 0.000000
438 0.000000
439 0.000000
440 0.000000
441 0.000000
442 0.000000
443 0.000000
444 0.000000
445 0.000000
446 0.000000
447 0.000000
448 0.000000
449 0.000000
