1 0.000113
2 2.435758
3 0.870658
4 198.986988
5 72.670917
6 8.775126
7 198.987227
8 11.142125
9 216.844974
10 8.785864
11 13.209556
12 11.183397
13 23.101957
14 20.934573
15 5.150413
16 61.412213
17 61.440876
18 61.457577
19 1.905496
20 0.925922
21 2.267684
22 2.270925
23 2.268650
24 1293.646908
25 1294.023622
26 0.000306
27 0.000205
28 0.000274
29 0.003556
30 1293.642021
31 0.000003
32 0.000738
33 0.000001
34 8.834625
35 73.790031
36 74.128300
37 74.137345
38 254.997612
39 4.860621
40 4.623484
41 6.080803
42 0.000107
43 0.001349
44 0.001267
45 0.000072
46 0.000008
47 0.000094
48 538.847195
49 732.403997
50 0.013794
51 22.388793
52 22.389775
53 0.000106
54 449.518953
55 449.519346
56 31.128797
57 31.129020
58 0.005092
59 0.330067
60 0.330970
61 0.330731
62 0.997857
63 36.438395
64 36.438612
65 20.759643
66 20.759855
67 40.626859
68 40.659430
69 40.777605
70 268.358712
71 439.141639
72 0.000117
73 0.057377
74 5.996706
75 5.996922
76 164.782602
77 0.000000
78 0.000000
79 0.000000
80 164.782922
81 101.855132
82 10.344962
83 268.342652
84 0.124353
85 25.347245
86 27.607917
87 10.665522
88 12.140075
89 0.893992
90 2.380726
91 0.000000
92 0.000000
93 4.996374
94 13.830765
95 166.377452
96 91.407868
97 0.000000
98 0.000000
99 166.377761
100 6.613773
101 8.936971
102 4.289382
103 0.850343
104 0.867246
105 0.901187
106 0.866498
107 0.898820
108 0.870099
109 0.882265
110 10.438127
111 7.797454
112 5.294389
113 5.314622
114 5.328173
115 0.000306
116 0.001821
117 0.123542
118 0.001598
119 0.123712
120 0.001607
121 0.123641
122 0.004339
123 0.001448
124 0.000901
125 0.000858
126 0.000579
127 0.000562
128 45.359676
129 15.066633
130 214.056553
131 4.498029
132 232.968097
133 2.986559
134 0.011645
135 0.011322
136 3.018479
137 271.870080
138 277.900434
139 7.477485
140 7.477685
141 0.000128
142 0.001487
143 12.395489
144 0.001542
145 0.000186
146 0.000184
147 0.008635
148 166.171639
149 166.172147
150 62.283961
151 62.284542
152 0.002184
153 0.745457
154 1.449970
155 3.667843
156 1.449285
157 3.660561
158 1.449672
159 3.671163
160 0.005727
161 0.755616
162 62.265385
163 62.278194
164 0.001116
165 0.001009
166 0.001114
167 0.001020
168 0.755152
169 2.240204
170 2.137527
171 2.131687
172 2.119062
173 2.121794
174 2.130780
175 2.141341
176 23.026712
177 23.118032
178 0.001147
179 0.001168
180 0.003322
181 0.000563
182 259.446680
183 167.346171
184 0.223915
185 0.120370
186 0.120837
187 91.615808
188 12.349254
189 271.855979
190 0.001014
191 0.001022
192 0.001058
193 0.001015
194 0.000981
195 0.001036
196 0.001069
197 23.116166
198 14.724553
199 2.191713
200 28.815949
201 30.559671
202 15.175646
203 91.502825
204 3.324888
205 3.326957
206 0.424651
207 43.082086
208 43.537587
209 18.322680
210 0.000000
211 18.324941
212 0.001064
213 4.039984
214 0.000000
215 4.042211
216 0.001023
217 0.000002
218 0.000002
219 0.000000
220 0.000001
221 0.000000
222 0.000000
223 0.023333
224 0.007779
225 0.021011
226 0.020863
227 0.008980
228 0.195408
229 0.125972
230 0.043148
231 0.375938
232 0.000045
233 0.000018
234 0.000000
235 0.000000
236 0.001197
237 0.000755
238 0.000000
239 0.000070
240 0.000000
241 0.000000
242 0.000000
243 0.000000
244 0.000000
245 0.000000
246 0.000000
247 0.000000
248 0.000000
249 0.000000
250 0.000000
251 0.000000
252 0.018164
253 0.018158
254 0.018087
255 0.005324
256 0.005321
257 0.005250
258 0.023491
259 0.000000
260 0.000022
261 0.005552
262 0.000125
263 0.000025
264 0.000017
265 0.005250
266 0.007737
267 0.000017
268 0.010527
269 0.023872
270 0.000439
271 0.000435
272 0.000439
273 0.012987
274 0.000040
275 0.012995
276 0.000783
277 0.012351
278 0.039157
279 0.007803
280 0.000000
281 0.001691
282 0.001688
283 0.009496
284 0.000000
285 0.000000
286 0.000000
287 0.000000
288 0.000000
289 0.000000
290 0.000000
291 0.000000
292 0.000000
293 0.000000
294 0.000000
295 0.000000
296 0.000000
297 0.000000
298 0.000000
299 0.000000
300 0.000101
301 0.000081
302 0.000005
303 0.000194
304 0.000000
305 0.000000
306 0.000000
307 0.000000
308 0.000000
309 0.000000
310 0.000000
311 0.000000
312 0.000000
313 0.000000
314 0.000000
315 0.000000
316 0.000000
317 0.000599
318 0.003923
319 0.000000
320 0.000013
321 0.000000
322 0.000000
323 0.000000
324 0.000000
325 0.000000
326 0.000000
327 0.000000
328 0.000000
329 0.000000
330 0.000004
331 0.000037
332 0.000028
333 0.000013
334 0.000004
335 0.000004
336 0.000015
337 0.000013
338 0.000006
339 0.000000
340 0.000002
341 0.001414
342 0.000032
343 0.001387
344 0.000000
345 0.000247
346 0.000898
347 0.000013
348 0.000193
349 0.000071
350 0.000028
351 0.000055
352 0.000178
353 0.000021
354 0.000088
355 0.000024
356 0.000051
357 0.000024
358 0.000886
359 0.000883
360 0.000005
361 0.000003
362 0.000856
363 0.000836
364 0.000005
365 0.000002
366 0.000823
367 0.000804
368 0.000814
369 0.000006
370 0.000062
371 0.000060
372 0.000024
373 0.000012
374 0.000048
375 0.000040
376 0.000007
377 0.000014
378 0.000017
379 0.000013
380 0.000004
381 0.000000
382 0.000016
383 0.000587
384 0.000000
385 0.000093
386 0.000394
387 0.000012
388 0.000069
389 0.000025
390 0.000051
391 0.000022
392 0.000064
393 0.000006
394 0.000036
395 0.000021
396 0.000006
397 0.000393
398 0.000388
399 0.000001
400 0.000002
401 0.000377
402 0.000367
403 0.000004
404 0.000364
405 0.000358
406 0.000360
407 0.000023
408 0.000018
409 0.000046
410 0.000044
411 0.000020
412 0.000018
413 0.000003
414 0.000005
415 0.000007
416 0.000002
417 0.000000
418 0.000053
419 0.000026
420 0.000020
421 0.000002
422 0.000059
423 0.000011
424 0.000009
425 0.000007
426 0.000000
427 0.000002
428 0.000003
429 0.000000
430 0.000001
431 0.000000
432 0.000456
433 0.000432
434 0.000516
435 0.000000
436 0.000000
437 0.000002
438 0.000002
439 0.000000
440 0.000000
441 0.000000
442 0.000000
443 0.000000
444 0.000000
445 0.000000
446 0.000000
447 0.000000
448 0.000000
449 0.000000
