1 0.000133
2 0.005515
3 0.001930
4 0.424126
5 0.154811
6 0.018809
7 0.424159
8 0.024400
9 0.468903
10 0.019202
11 0.028300
12 0.024270
13 0.029440
14 0.044588
15 0.017212
16 0.139968
17 0.139718
18 0.139935
19 0.004118
20 0.002089
21 0.004836
22 0.004890
23 0.004865
24 2.723082
25 2.746268
26 0.000046
27 0.000028
28 0.000034
29 0.000470
30 2.722447
31 0.000003
32 0.000098
33 0.000001
34 0.019201
35 0.163433
36 0.163834
37 0.164406
38 0.540938
39 0.010323
40 0.009946
41 0.024218
42 0.000020
43 0.000181
44 0.000165
45 0.000006
46 0.000003
47 0.000012
48 1.279167
49 1.369260
50 0.000741
51 0.073812
52 0.073922
53 0.000016
54 0.985863
55 0.985912
56 0.099084
57 0.099118
58 0.000406
59 0.003677
60 0.003685
61 0.003708
62 0.011862
63 0.115977
64 0.116004
65 0.066039
66 0.066060
67 0.092966
68 0.092782
69 0.093760
70 0.580778
71 0.952195
72 0.000014
73 0.003623
74 0.012805
75 0.012837
76 0.358273
77 0.000000
78 0.000000
79 0.000000
80 0.358309
81 0.221771
82 0.021693
83 0.580576
84 0.003138
85 0.034416
86 0.039080
87 0.023328
88 0.026634
89 0.001967
90 0.005163
91 0.000000
92 0.000000
93 0.010817
94 0.030370
95 0.357949
96 0.196906
97 0.000000
98 0.000000
99 0.358003
100 0.014508
101 0.019101
102 0.009566
103 0.001825
104 0.001901
105 0.001945
106 0.001838
107 0.001914
108 0.001870
109 0.001900
110 0.022454
111 0.026421
112 0.018037
113 0.018063
114 0.018358
115 0.000038
116 0.000233
117 0.001362
118 0.000214
119 0.001348
120 0.000211
121 0.001383
122 0.000583
123 0.000197
124 0.000131
125 0.000115
126 0.000084
127 0.000081
128 0.060066
129 0.032328
130 0.456728
131 0.009597
132 0.493918
133 0.006364
134 0.000031
135 0.000037
136 0.006446
137 0.389490
138 0.402602
139 0.015884
140 0.015903
141 0.000009
142 0.000114
143 0.035670
144 0.000104
145 0.000025
146 0.000026
147 0.000201
148 0.354888
149 0.354929
150 0.128653
151 0.128711
152 0.000200
153 0.001650
154 0.003095
155 0.007484
156 0.003219
157 0.007653
158 0.003136
159 0.007609
160 0.000744
161 0.002389
162 0.126734
163 0.127983
164 0.000107
165 0.000087
166 0.000101
167 0.000096
168 0.001694
169 0.005118
170 0.003989
171 0.004068
172 0.003989
173 0.003933
174 0.004000
175 0.004022
176 0.029146
177 0.029299
178 0.000164
179 0.000163
180 0.000460
181 0.000082
182 0.347940
183 0.197347
184 0.000633
185 0.000558
186 0.000532
187 0.145884
188 0.031163
189 0.387712
190 0.000140
191 0.000129
192 0.000151
193 0.000144
194 0.000111
195 0.000149
196 0.000138
197 0.029571
198 0.020147
199 0.012346
200 0.036777
201 0.046813
202 0.025864
203 0.145792
204 0.008420
205 0.008696
206 0.001741
207 0.052126
208 0.057475
209 0.055760
210 0.000000
211 0.056044
212 0.000139
213 0.014686
214 0.000000
215 0.014938
216 0.000139
217 0.000003
218 0.000001
219 0.000000
220 0.000000
221 0.000000
222 0.000000
223 0.001090
224 0.000364
225 0.001460
226 0.001479
227 0.000628
228 0.009340
229 0.006059
230 0.002044
231 0.022749
232 0.000139
233 0.000059
234 0.000000
235 0.000000
236 0.001356
237 0.000872
238 0.000000
239 0.000197
240 0.000000
241 0.000000
242 0.000000
243 0.000000
244 0.000000
245 0.000000
246 0.000000
247 0.000000
248 0.000000
249 0.000000
250 0.000000
251 0.000000
252 0.001299
253 0.001295
254 0.001273
255 0.000273
256 0.000269
257 0.000253
258 0.001573
259 0.000000
260 0.000047
261 0.000286
262 0.000014
263 0.000000
264 0.000000
265 0.000248
266 0.000505
267 0.000036
268 0.000491
269 0.001391
270 0.000112
271 0.000109
272 0.000114
273 0.000709
274 0.000029
275 0.000575
276 0.000145
277 0.000480
278 0.001946
279 0.000360
280 0.000001
281 0.000317
282 0.000315
283 0.000681
284 0.000000
285 0.000000
286 0.000000
287 0.000000
288 0.000000
289 0.000000
290 0.000000
291 0.000000
292 0.000000
293 0.000000
294 0.000000
295 0.000000
296 0.000000
297 0.000000
298 0.000000
299 0.000000
300 0.000102
301 0.000042
302 0.000004
303 0.000153
304 0.000000
305 0.000000
306 0.000000
307 0.000000
308 0.000000
309 0.000000
310 0.000000
311 0.000000
312 0.000000
313 0.000000
314 0.000000
315 0.000000
316 0.000000
317 0.000704
318 0.000188
319 0.000000
320 0.000017
321 0.000000
322 0.000000
323 0.000000
324 0.000000
325 0.000000
326 0.000000
327 0.000000
328 0.000000
329 0.000000
330 0.000010
331 0.000112
332 0.000088
333 0.000037
334 0.000012
335 0.000011
336 0.000048
337 0.000036
338 0.000017
339 0.000006
340 0.000005
341 0.001690
342 0.000107
343 0.001619
344 0.000000
345 0.000655
346 0.000318
347 0.000029
348 0.000511
349 0.000110
350 0.000035
351 0.000162
352 0.000451
353 0.000047
354 0.000258
355 0.000073
356 0.000147
357 0.000069
358 0.000292
359 0.000268
360 0.000014
361 0.000014
362 0.000190
363 0.000114
364 0.000016
365 0.000010
366 0.000090
367 0.000039
368 0.000063
369 0.000019
370 0.000086
371 0.000062
372 0.000017
373 0.000004
374 0.000139
375 0.000111
376 0.000014
377 0.000041
378 0.000018
379 0.000011
380 0.000005
381 0.000000
382 0.000041
383 0.000672
384 0.000000
385 0.000275
386 0.000137
387 0.000015
388 0.000207
389 0.000044
390 0.000013
391 0.000068
392 0.000189
393 0.000022
394 0.000107
395 0.000061
396 0.000027
397 0.000124
398 0.000116
399 0.000005
400 0.000005
401 0.000081
402 0.000052
403 0.000006
404 0.000040
405 0.000019
406 0.000030
407 0.000030
408 0.000023
409 0.000008
410 0.000004
411 0.000060
412 0.000046
413 0.000006
414 0.000021
415 0.000009
416 0.000003
417 0.000001
418 0.000057
419 0.000022
420 0.000006
421 0.000003
422 0.000023
423 0.000009
424 0.000007
425 0.000002
426 0.000001
427 0.000007
428 0.000008
429 0.000000
430 0.000002
431 0.000000
432 0.000050
433 0.000023
434 0.000139
435 0.000000
436 0.000000
437 0.000000
438 0.000002
439 0.000000
440 0.000000
441 0.000000
442 0.000000
443 0.000000
444 0.000000
445 0.000000
446 0.000000
447 0.000000
448 0.000000
449 0.000000
